good		4697	8137	8296	6348	3853	31331 /1
great		6018	6130	4704	3432	1944	22228 /2
better		2501	3648	4025	3678	2475	16327 /3
wonderful	383	286	200	128	71	1068 /7
amazing		1191	713	514	464	280	3162 /8
love		2224	1536	1301	1123	806	6990 /11
best		4673	3156	2243	1688	1029	12789 /12
awesome		1373	894	567	524	287	3645 /26
recommend	976	931	938	856	518	4219 /35
unique		639	625	488	336	145	2233 /39
super		2164	1137	931	639	465	5336 /56
greatest	551	276	227	143	91	1288 /73
top		832	697	718	687	508	3442 /77
favorite	1204	671	433	332	188	2828 /81
classic		1331	811	566	351	210	3269 /83
worst		77	230	529	814	1293	2943 /6
dumb		45	113	164	249	243	814 /13
horrible	92	185	415	776	1081	2549 /28
perfect		958	821	502	346	207	2834 /32
terrible	89	210	452	900	1068	2719 /42
crap		0	89	172	340	532	1133 /43
awful		48	102	258	454	560	1422 /44
stupid		142	246	507	748	779	2422 /53
waste		86	134	279	621	1055	2175 /57
loved		550	443	489	518	379	2379 /75
useless		50	115	319	403	329	1216 /78
bad		1144	2203	3189	3614	2921	13071 /5
hate		230	295	399	498	164	1586 /10
nothing		741	1036	1761	2119	1706	7363 /38
poor		114	235	462	763	621	2195 /41
boring		233	613	1255	2006	1323	5430 /47
frustrating	179	598	928	989	516	3210 /50
enjoy		729	951	999	818	509	4006 /51
kill		496	822	980	1213	738	4249 /62
pretty		1478	2987	3641	2812	1202	12130 /63
problem		483	1146	1615	1591	1184	6019 /67
quite		996	1773	2187	1062	484	6502 /68
missing		204	275	356	274	187	1269 /72
fans		611	928	879	617	394	3429 /76
nice		719	1484	1672	1154	531	5560 /40
perfect		958	821	502	346	207	2834 /90
enjoyed		302	583	575	425	234	2119 /91	
dreamcast	974	552	177	137	106	1946 /92
enjoyable	288	472	444	314	154	1672 /93
unfortunately	183	444	846	750	372	2595 /94
beautiful	485	437	405	344	148	1819 /95
improved	241	401	327	240	124	1333 /96
slow		326	616	840	861	604	3247 /86
cheap		237	315	506	558	448	2064 /17
impossible	187	371	502	583	445	2088 /18
wrong		407	545	794	877	710	3333 /31
problems	374	743	863	894	784	3658 /71
issues		104	263	453	573	457	1850 /59
garbage		31	38	66	201	483	819  /97
shame		117	122	215	253	285	992  /98
barely		62	105	204	293	215	879  /99
sucks		60	103	216	428	645	1452 /100
sad         104 97  194 306 225 926  /101
fallout     181 89  62  240 225 797
bored       180 227 421 404 215 1447
weak        151 254 361 379 218 1363
bugs        101 300 378 524 471 1774
disappointed	44	82	116	687	75	1004 /55
lack        180 479 726 727 395 2507
annyoing    293 858 1281 1249 671 4352
issue       84  198 342  445  333 1402
amazed      90  70  38   43   31  272
rocks       190 142 75   76   37  520
happy       304 275 280  243  174 1276
cool		1247	1613	1518	1087	536	6001 / 49
coolest     101 88  42   23   9   263
fun         4518 6490 6411 5145 2737 25301