case:10,000	5 star	4 star	3star	2star	1 star
		pos:				neg:
good		4697	8137	8296	6348	3853	31331 /1		
great		6018	6130	4704	3432	1944	22228 /2
better		2501	3648	4025	3678	2475	16327 /3
not		7611	11620	14956	15793	12609	62589 /*4
bad		1144	2203	3189	3614	2921	13071 /5
worst		77	230	529	814	1293	2943 /6
wonderful	383	286	200	128	71	1068 /7
amazing		1191	713	514	464	280	3162 /8
failure		106	157	274	431	446	1414 /	9
hate		230	295	399	498	164	1586 /10
love		2224	1536	1301	1123	806	6990 /11
best		4673	3156	2243	1688	1029	12789 /12
dumb		45	113	164	249	243	814 /13
fan		957	1376	1297	1182	838	5650 /14
fantastic	446	377	292	206	108	1429 /15
fine		288	431	531	534	430	2213 /16
cheap		237	315	506	558	448	2064 /17
impossible	187	371	502	583	445	2088 /18
fun		4518	6490	6411	5145	2737	25301 /19
pleasing	22	34	39	23	13	131 /20
like		7618	10878	12169	11976	7948	50589 /21*
unlike		428	494	382	273	154	1731 /22
very		4998	6993	7124	6630	3754	29499 /23
well		3764	4854	4511	3831	2322	19282 /24
off		1713	2573	3031	3075	2332	12724 / 25
awesome		1373	894	567	524	287	3645 /26
beat		1366	1450	1352	911	1029	6108 /27
horrible	92	185	415	776	1081	2549 /28
easy		1395	2142	1960	1450	769	7716 /29
right		1412	1720	2123	2315	1705	9275 /30
wrong		407	545	794	877	710	3333 /31
perfect		958	821	502	346	207	2834 /32
worth		1058	1631	1683	1536	1145	7053 /33
far		1025	1410	1784	1712	1139	7070 /34
recommend	976	931	938	856	518	4219 /35
excellent	862	937	544	358	156	2857 /36
special		718	790	771	543	289	3111 /37
nothing		741	1036	1761	2119	1706	7363 /38
unique		639	625	488	336	145	2233 /39
nice		719	1484	1672	1154	531	5560 /40
poor		114	235	462	763	621	2195 /41
terrible	89	210	452	900	1068	2719 /42
crap		0	89	172	340	532	1133 /43
awful		48	102	258	454	560	1422 /44
didn		846	1412	1894	2243	1420	7815 /45*
don		2062	4074	5038	5444	4389	21007 /46*
boring		233	613	1255	2006	1323	5430 /47
annoying	293	858	1281	1249	671	4352 /48
cool		1247	1613	1518	1087	536	6001 / 49
frustrating	179	598	928	989	516	3210 /50
enjoy		729	951	999	818	509	4006 /51
decent		188	647	961	786	385	2967 /52
stupid		142	246	507	748	779	2422 /53
lack		180	479	726	727	395	2507 /54
disappointed	44	82	116	687	75	1004 /55
super		2164	1137	931	639	465	5336 /56
waste		86	134	279	621	1055	2175 /57
impossible	187	371	502	583	445	2088 /58
issues		104	263	453	573	457	1850 /59
limited		195	426	540	555	394	2110 /60
no		3020	4326	6025	7833	6369	27573 /61
kill		496	822	980	1213	738	4249 /62
pretty		1478	2987	3641	2812	1202	12130 /63
hard		1598	2298	2365	2060	1375	9696 /64
worth		1058	1631	1683	1536	1145	7053 /65
original	1821	2000	1958	1418	970	8167 /66
problem		483	1146	1615	1591	1184	6019 /67
quite		996	1773	2187	1062	484	6502 /68
hit 		741	884	1108	1194	753	4680 /69
miss		213	303	306	304	144	1269 /70
problems	374	743	863	894	784	3658 /71
missing		204	275	356	274	187	1269 /72
greatest	551	276	227	143	91	1288 /73
yes		529	678	730	698	539	3174 /74
loved		550	443	489	518	379	2379 /75
fans		611	928	879	617	394	3429 /76
top		832	697	718	687	508	3442 /77
useless		50	115	319	403	329	1216 /78
despite		276	510	536	375	188	1885 /79
enjoyed		302	583	575	425	234	2119 /80
favorite	1204	671	433	332	188	2828 /81
realistic	421	737	595	485	224	2462 /82
classic		1331	811	566	351	210	3269 /83
fast		662	830	922	851	494	3759 /84
huge		693	832	857	837	568	3847 /85
slow		326	616	840	861	604	3247 /86
won		710	935	1024	948	862	4479 /87
lose		223	280	361	371	300	1535 /88
interesting	665	964	1305	1062	444	4440 /89
perfect		958	821	502	346	207	2834 /90		
enjoyed		302	583	575	425	234	2119 /91	
dreamcast	974	552	177	137	106	1946 /92
enjoyable	288	472	444	314	154	1672 /93
unfortunately	183	444	846	750	372	2595 /94
beautiful	485	437	405	344	148	1819 /95
improved	241	401	327	240	124	1333 /96
garbage					201		     /97
shame					253		     /98
barely					293		     /99
sucks					428		     /100